A = [
81 10 16 15 65 76 70 82;
90 28 97 42 4 74 4 69;
13 55 95 91 85 39 28 32;
91 95 49 79 93 65 5 95;
63 96 80 95 68 17 10 4]
